-0.018
 0.003
 0.019
 0.024
 0.056
 0.046
 0.051
 0.030
 0.012
 0.030
 0.020
 0.037
 0.005
 0.045
 0.019
 0.028
 0.027
-0.002
 0.024
 0.037
 0.024
 0.041
 0.039
 0.043
 0.044
 0.061
 0.044
 0.038
 0.003
 0.050
 0.066
 0.044
-0.005
 0.069
 0.041
 0.041
 0.076
 0.048
 0.000
 0.028
 0.041
-0.028
-0.025
 0.019
 0.023
 0.016
 0.020
 0.024
 0.046
 0.037
 0.007
 0.054
-0.031
 0.028
 0.034
 0.037
-0.004
 0.022
 0.013
 0.003
 0.024
 0.025
 0.024
-0.000
 0.022
 0.045
-0.027
 0.048
 0.061
 0.043
 0.052
 0.060
 0.030
 0.029
 0.060
 0.042
 0.058
 0.050
 0.033
 0.029
 0.050
 0.087
 0.100
 0.063
 0.094
 0.088
 0.040
 0.041
 0.081
 0.045
 0.045
 0.000
 0.066
 0.084
 0.028
 0.070
 0.013
 0.046
 0.045
 0.038
 0.059
 0.020
 0.017
 0.030
 0.098
 0.112
 0.083
 0.058
 0.052
 0.048
 0.063
 0.064
 0.093
 0.118
 0.087
 0.041
 0.051
 0.057
 0.040
 0.033
 0.101
 0.075
 0.080
 0.076
 0.031
 0.099
 0.076
 0.097
 0.031
 0.024
 0.025
 0.057
 0.041
 0.029
 0.033
 0.013
 0.033
 0.028
 0.071
 0.057
 0.021
 0.070
 0.061
 0.047
 0.061
 0.106
 0.053
 0.079
 0.120
 0.099
 0.033
 0.028
 0.087
 0.049
 0.050
 0.067
 0.053
 0.039
 0.009
 0.043
 0.054
 0.084
 0.038
 0.064
 0.063
 0.065
 0.085
 0.117
 0.072
 0.114
 0.086
 0.119
 0.043
 0.124
 0.087
 0.119
 0.081
 0.094
 0.098
 0.083
 0.047
 0.073
 0.063
 0.032
 0.087
 0.068
 0.047
 0.101
 0.069
 0.069
 0.051
 0.069
 0.154
 0.094
 0.181
 0.110
 0.111
 0.103
 0.082
 0.110
 0.077
 0.098
 0.133
 0.093
 0.117
 0.093
 0.104
 0.103
 0.115
 0.111
 0.070
 0.086
 0.092
 0.095
 0.085
 0.077
 0.067
 0.087
 0.065
 0.076
 0.089
 0.104
 0.095
 0.103
 0.026
 0.082
 0.047
 0.053
 0.038
 0.045
 0.023
 0.069
 0.040
 0.030
 0.046
 0.051
 0.048
 0.035
 0.043
 0.063
 0.047
 0.030
 0.012
 0.001
 0.022
 0.065
 0.019
 0.064
-0.005
 0.053
 0.046
 0.031
 0.005
 0.029
 0.019
 0.031
 0.006
 0.012
-0.013
 0.024
 0.032
 0.011
 0.029
 0.032
 0.052
 0.062
 0.044
 0.034
-0.018
 0.042
 0.059
 0.054
 0.000
 0.077
 0.051
 0.062
 0.046
 0.050
 0.057
 0.097
 0.008
 0.042
 0.043
 0.003
 0.067
-0.004
 0.065
 0.042
-0.014
 0.046
 0.056
 0.080
 0.046
 0.079
 0.073
 0.054
 0.018
 0.034
 0.031
 0.070
 0.016
 0.039
 0.027
 0.049
 0.068
 0.099
 0.079
 0.093
 0.040
 0.068
 0.047
 0.044
 0.062
 0.083
 0.039
 0.055
 0.072
 0.064
 0.045
 0.036
