-0.069
-0.049
-0.032
-0.029
 0.001
-0.007
-0.003
-0.022
-0.040
-0.022
-0.033
-0.018
-0.048
-0.009
-0.035
-0.025
-0.025
-0.052
-0.028
-0.016
-0.029
-0.013
-0.013
-0.010
-0.010
 0.007
-0.010
-0.016
-0.050
-0.003
 0.011
-0.008
-0.056
 0.016
-0.011
-0.011
 0.023
-0.004
 0.000
-0.025
-0.011
-0.028
-0.075
-0.034
-0.030
-0.037
-0.031
-0.027
-0.005
-0.015
-0.046
-0.000
-0.080
-0.024
-0.019
-0.016
-0.055
-0.030
-0.040
-0.047
-0.028
-0.028
-0.027
-0.052
-0.032
-0.009
-0.075
-0.004
 0.008
-0.009
-0.001
 0.006
-0.022
-0.023
 0.010
-0.010
 0.005
-0.004
-0.020
-0.024
-0.002
 0.034
 0.044
 0.010
 0.042
 0.034
-0.012
-0.011
 0.030
-0.009
-0.007
 0.000
 0.013
 0.030
-0.023
 0.016
-0.039
-0.007
-0.009
-0.014
 0.006
-0.032
-0.034
-0.021
 0.045
 0.059
 0.032
 0.005
-0.003
-0.006
 0.010
 0.009
 0.040
 0.066
 0.034
-0.011
 0.000
 0.004
-0.013
-0.018
 0.047
 0.022
 0.026
 0.022
-0.021
 0.045
 0.023
 0.044
-0.021
-0.027
-0.027
 0.004
-0.012
-0.023
-0.019
-0.038
-0.018
-0.025
 0.018
 0.003
-0.031
 0.016
 0.008
-0.005
 0.008
 0.051
 0.002
 0.025
 0.064
 0.043
-0.018
-0.024
 0.034
-0.003
-0.004
 0.014
-0.000
-0.018
-0.043
-0.010
 0.002
 0.031
-0.017
 0.014
 0.010
 0.012
 0.032
 0.063
 0.020
 0.061
 0.032
 0.066
-0.011
 0.069
 0.035
 0.060
 0.028
 0.044
 0.045
 0.031
-0.004
 0.019
 0.010
-0.020
 0.035
 0.017
-0.006
 0.047
 0.019
 0.017
-0.000
 0.026
 0.102
 0.047
 0.131
 0.059
 0.059
 0.050
 0.027
 0.061
 0.025
 0.045
 0.084
 0.041
 0.064
 0.041
 0.053
 0.051
 0.063
 0.059
 0.019
 0.033
 0.040
 0.042
 0.033
 0.026
 0.015
 0.034
 0.015
 0.022
 0.035
 0.052
 0.043
 0.050
-0.027
 0.027
-0.008
-0.002
-0.016
-0.008
-0.030
 0.015
-0.014
-0.024
-0.007
-0.003
-0.005
-0.019
-0.010
 0.009
-0.008
-0.023
-0.040
-0.051
-0.032
 0.010
-0.033
 0.010
-0.056
-0.000
-0.006
-0.023
-0.048
-0.024
-0.035
-0.023
-0.043
-0.038
-0.064
-0.022
-0.020
-0.041
-0.022
-0.019
 0.001
 0.013
-0.004
-0.018
-0.067
-0.011
 0.006
 0.002
 0.000
 0.023
-0.001
 0.009
-0.006
-0.002
 0.005
 0.044
-0.042
-0.010
-0.010
-0.048
 0.016
-0.054
 0.013
-0.008
-0.065
-0.007
 0.003
 0.026
-0.006
 0.025
 0.019
 0.001
-0.033
-0.018
-0.020
 0.017
-0.037
-0.011
-0.025
-0.003
 0.016
 0.045
 0.025
 0.038
-0.010
 0.016
-0.006
-0.007
 0.009
 0.033
-0.013
 0.003
 0.019
 0.011
-0.008
-0.018
